1010060
1100989
1100992
1504349
1504357
1504385
1504777
1511801
1511816
1513282
1513289
1513592
1516412
1517337
1517792
1518526
1519191
1519794
1519825
1519868
1519873
1520159
1545026
1548052
1549860
1555524
1556231
1557858
2002929
2002966
2003630
2004431
2004882
2005486
2006075
2006099
2006784
2007155
2007511
2008450
2008677
2012267
2012828
2012958
2014075
2014575
2015070
2015769
2017090
2018231
2018597
2018826
2019369
2020594
2021921
2021969
2022026
2022053
2022073
2100147
2100348
2100437
2100603
2100662
2100665
2100840
2100865
2101393
2102305
2103490
2104176
2104943
2104971
2105026
2105032
2105330
2105585
2105612
2105702
2107937
2107938
2108038
2200184
2200608
2200633
2200844
2201001
2201115
2201333
2202092
2203006
2203241
2203255
2203306
2203540
2203632
2204844
2204871
2205115
2205643
2205937
2206151
2206365
2206506
2206542
2206832
2207637
2208241
2208405
2208497
2208843
2209888
2210848
2210911
2211928
2212018
2212078
2212135
2212364
2213278
2214563
2215272
2216200
2216977
2217204
2217222
2218498
2219243
2219974
2220312
2220694
2220988
2221170
2223130
2224771
2225118
2226624
2229006
2229458
2231307
2231429
2231503
2231730
2234037
2234064
2234322
2234776
2235036
2236004
2236470
2236654
2237525
2237654
2237770
2238379
2238479
2238806
2239864
2240041
2241317
2241551
2242302
2242758
2243066
2300006
2311084
2311654
2311655
3500018
3500112
3500113
4020664
4022058
4023405
4025034
4026675
4027137
4034456
4035731
4037896
4037916
4037918
4038405
4107711
4110681
4114396
4116140
4116203
4116819
4116821
4126195
4126462
4129192
4339655
4500369
4506226
4507100
4507232
4507991
4508010
4508037
4508226
4511275
4511277
4512518
4513593
4513829
4515127
4516576
4517841
5000167
7039793
7045653
7052009
7052010
7052848
7054571
7054714
7056752
7059603
7100390
7100858
7103002
7110463
7111201
7117643
7117669
7118053
7121743
7121745
7151616
7151750
7154066
7154682
7157439
7200790
7200842
7204117
7204118
7204577
7206161
7206297
7206516
7206934
7208075
7208855
7210454
7213183
7214418
7214681
7216950
7216997
7219235
7219429
7219800
7220218
7220866
7221763
7221877
7226846
7226905
7228868
7232896
7235707
7236113
7236728
7238218
7238219
7238221
7239749
7241270
7241376
7242545
8100793
1010439
1011023
1011024
1011063
1504357
2007371
2100348
2100349
2100350
2104943
2200599
4501702
4501703
4501704
9009215
